%Air


x = [.791 .209]; %[XN2, XO2]
mw = [.028 .032];

%Nitrogen
poly(:,:,1) = [2.210371497E+04,-3.818461820E+02,6.082738360E+00,-8.530914410E-03,1.384646189E-05,-9.625793620E-09,2.519705809E-12,7.108460860E+02,-1.076003744E+01;
5.877124060E+05,-2.239249073E+03,6.066949220E+00,-6.139685500E-04,1.491806679E-07,-1.923105485E-11,1.061954386E-15,1.283210415E+04,-1.586640027E+01;
8.310139160E+08,-6.420733540E+05,2.020264635E+02,-3.065092046E-02,2.486903333E-06,-9.705954110E-11,1.437538881E-15,4.938707040E+06,-1.672099740E+03];

%Oxygen
poly(:,:,2) = [-3.425563420E+04,4.847000970E+02,1.119010961E+00,4.293889240E-03,-6.836300520E-07,-2.023372700E-09,1.039040018E-12,-3.391454870E+03,1.849699470E+01;
-1.037939022E+06,2.344830282E+03,1.819732036E+00,1.267847582E-03,-2.188067988E-07,2.053719572E-11,-8.193467050E-16,-1.689010929E+04,1.738716506E+01;
4.975294300E+08,-2.866106874E+05,6.690352250E+01,-6.169959020E-03,3.016396027E-07,-7.421416600E-12,7.278175770E-17,2.293554027E+06,-5.530621610E+02];


c = 120;
To = 291.15;
etao = 18.27e-6;
visco = [c To etao];