%Argon

x = 1;
mw = 39.94800/1000;
poly = [0.000000000E+00,0.000000000E+00,2.500000000E+00,0.000000000E+00,0.000000000E+00,0.000000000E+00,0.000000000E+00,-7.453750000E+02,4.379674910E+00;
        2.010538475E+01,-5.992661070E-02,2.500069401E+00,-3.992141160E-08,1.205272140E-11,-1.819015576E-15,1.078576636E-19,-7.449939610E+02,4.379180110E+00;
        -9.951265080E+08,6.458887260E+05,-1.675894697E+02,2.319933363E-02,-1.721080911E-06,6.531938460E-11,-9.740147729E-16,-5.078300340E+06,1.465298484E+03];
    
    
c = 1;
To = 1;
etao = 1e-6;
visco = [c To etao];