%mixture Ar-He

x = [.85 .15];
mw = [39.94800/1000 4/1000];

%Ar
poly(:,:,1) = [0.000000000E+00,0.000000000E+00,2.500000000E+00,0.000000000E+00,0.000000000E+00,0.000000000E+00,0.000000000E+00,-7.453750000E+02,4.379674910E+00;
        2.010538475E+01,-5.992661070E-02,2.500069401E+00,-3.992141160E-08,1.205272140E-11,-1.819015576E-15,1.078576636E-19,-7.449939610E+02,4.379180110E+00;
        -9.951265080E+08,6.458887260E+05,-1.675894697E+02,2.319933363E-02,-1.721080911E-06,6.531938460E-11,-9.740147729E-16,-5.078300340E+06,1.465298484E+03];
    
%He
poly(:,:,2) = [0.000000000E+00,0.000000000E+00,2.500000000E+00,0.000000000E+00,0.000000000E+00,0.000000000E+00,0.000000000E+00,-7.453750000E+02,9.287239740E-01;
        0.000000000E+00,0.000000000E+00,2.500000000E+00,0.000000000E+00,0.000000000E+00,0.000000000E+00,0.000000000E+00,-7.453750000E+02,9.287239740E-01;
        3.396845420E+06,-2.194037652E+03,3.080231878E+00,-8.068957550E-05,6.252784910E-09,-2.574990067E-13,4.429960218E-18,1.650518960E+04,-4.048814390E+00];

    

c = 1;
To = 1;
etao = 1e-6;
visco = [c To etao];
