%Helium - NASA9 Ploynomial Data
%Row 1 : T = [200 - 1000]
%Row 2 : T = [1,000 - 6,000]
%Row 3 : T = [6,000 - 20,000]

x = 1;
mw = .004; %kg/mol
poly = [0.000000000E+00,0.000000000E+00,2.500000000E+00,0.000000000E+00,0.000000000E+00,0.000000000E+00,0.000000000E+00,-7.453750000E+02,9.287239740E-01;
        0.000000000E+00,0.000000000E+00,2.500000000E+00,0.000000000E+00,0.000000000E+00,0.000000000E+00,0.000000000E+00,-7.453750000E+02,9.287239740E-01;
        3.396845420E+06,-2.194037652E+03,3.080231878E+00,-8.068957550E-05,6.252784910E-09,-2.574990067E-13,4.429960218E-18,1.650518960E+04,-4.048814390E+00];

c = 1;
To = 1;
etao = 1e-6;
visco = [c To etao];