%Hydrogen

x = 1;
mw = 2.01588/1000;
poly = [4.078323210e+04, -8.009186040e+02, 8.214702010e+00, -1.269714457e-02, 1.753605076e-05, -1.202860270e-08, 3.368093490e-12, 2.682484665e+03, -3.043788844e+01;
        5.608128010e+05, -8.371504740e+02, 2.975364532e+00, 1.252249124e-03, -3.740716190e-07, 5.936625200e-11, -3.606994100e-15, 5.339824410e+03, -2.202774769e+00;
        4.966884120e+08, -3.147547149e+05, 7.984121880e+01, -8.414789210e-03, 4.753248350e-07, -1.371873492e-11, 1.605461756e-16, 2.488433516e+06, -6.695728110e+02];


c = 1;
To = 1;
etao = 1e-6;
visco = [c To etao];