%Nitrogen

x = 1;
mw = .028;
poly = [2.210371497E+04,-3.818461820E+02,6.082738360E+00,-8.530914410E-03,1.384646189E-05,-9.625793620E-09,2.519705809E-12,7.108460860E+02,-1.076003744E+01;
        5.877124060E+05,-2.239249073E+03,6.066949220E+00,-6.139685500E-04,1.491806679E-07,-1.923105485E-11,1.061954386E-15,1.283210415E+04,-1.586640027E+01;
        8.310139160E+08,-6.420733540E+05,2.020264635E+02,-3.065092046E-02,2.486903333E-06,-9.705954110E-11,1.437538881E-15,4.938707040E+06,-1.672099740E+03];


c = 111;
To = 300.55;
etao = 17.81e-6;
visco = [c To etao];